-0.040000 -0.040000 -0.040000
-0.040000 -0.040000 -0.028571
-0.040000 -0.040000 -0.017143
-0.040000 -0.040000 -0.005714
-0.040000 -0.040000 0.005714
-0.040000 -0.040000 0.017143
-0.040000 -0.040000 0.028571
-0.040000 -0.040000 0.040000
-0.040000 -0.028571 -0.040000
-0.040000 -0.028571 -0.028571
-0.040000 -0.028571 -0.017143
-0.040000 -0.028571 -0.005714
-0.040000 -0.028571 0.005714
-0.040000 -0.028571 0.017143
-0.040000 -0.028571 0.028571
-0.040000 -0.028571 0.040000
-0.040000 -0.017143 -0.040000
-0.040000 -0.017143 -0.028571
-0.040000 -0.017143 -0.017143
-0.040000 -0.017143 -0.005714
-0.040000 -0.017143 0.005714
-0.040000 -0.017143 0.017143
-0.040000 -0.017143 0.028571
-0.040000 -0.017143 0.040000
-0.040000 -0.005714 -0.040000
-0.040000 -0.005714 -0.028571
-0.040000 -0.005714 -0.017143
-0.040000 -0.005714 -0.005714
-0.040000 -0.005714 0.005714
-0.040000 -0.005714 0.017143
-0.040000 -0.005714 0.028571
-0.040000 -0.005714 0.040000
-0.040000 0.005714 -0.040000
-0.040000 0.005714 -0.028571
-0.040000 0.005714 -0.017143
-0.040000 0.005714 -0.005714
-0.040000 0.005714 0.005714
-0.040000 0.005714 0.017143
-0.040000 0.005714 0.028571
-0.040000 0.005714 0.040000
-0.040000 0.017143 -0.040000
-0.040000 0.017143 -0.028571
-0.040000 0.017143 -0.017143
-0.040000 0.017143 -0.005714
-0.040000 0.017143 0.005714
-0.040000 0.017143 0.017143
-0.040000 0.017143 0.028571
-0.040000 0.017143 0.040000
-0.040000 0.028571 -0.040000
-0.040000 0.028571 -0.028571
-0.040000 0.028571 -0.017143
-0.040000 0.028571 -0.005714
-0.040000 0.028571 0.005714
-0.040000 0.028571 0.017143
-0.040000 0.028571 0.028571
-0.040000 0.028571 0.040000
-0.040000 0.040000 -0.040000
-0.040000 0.040000 -0.028571
-0.040000 0.040000 -0.017143
-0.040000 0.040000 -0.005714
-0.040000 0.040000 0.005714
-0.040000 0.040000 0.017143
-0.040000 0.040000 0.028571
-0.040000 0.040000 0.040000
-0.028571 -0.040000 -0.040000
-0.028571 -0.040000 -0.028571
-0.028571 -0.040000 -0.017143
-0.028571 -0.040000 -0.005714
-0.028571 -0.040000 0.005714
-0.028571 -0.040000 0.017143
-0.028571 -0.040000 0.028571
-0.028571 -0.040000 0.040000
-0.028571 -0.028571 -0.040000
-0.028571 -0.028571 0.040000
-0.028571 -0.017143 -0.040000
-0.028571 -0.017143 0.040000
-0.028571 -0.005714 -0.040000
-0.028571 -0.005714 0.040000
-0.028571 0.005714 -0.040000
-0.028571 0.005714 0.040000
-0.028571 0.017143 -0.040000
-0.028571 0.017143 0.040000
-0.028571 0.028571 -0.040000
-0.028571 0.028571 0.040000
-0.028571 0.040000 -0.040000
-0.028571 0.040000 -0.028571
-0.028571 0.040000 -0.017143
-0.028571 0.040000 -0.005714
-0.028571 0.040000 0.005714
-0.028571 0.040000 0.017143
-0.028571 0.040000 0.028571
-0.028571 0.040000 0.040000
-0.017143 -0.040000 -0.040000
-0.017143 -0.040000 -0.028571
-0.017143 -0.040000 -0.017143
-0.017143 -0.040000 -0.005714
-0.017143 -0.040000 0.005714
-0.017143 -0.040000 0.017143
-0.017143 -0.040000 0.028571
-0.017143 -0.040000 0.040000
-0.017143 -0.028571 -0.040000
-0.017143 -0.028571 0.040000
-0.017143 -0.017143 -0.040000
-0.017143 -0.017143 0.040000
-0.017143 -0.005714 -0.040000
-0.017143 -0.005714 0.040000
-0.017143 0.005714 -0.040000
-0.017143 0.005714 0.040000
-0.017143 0.017143 -0.040000
-0.017143 0.017143 0.040000
-0.017143 0.028571 -0.040000
-0.017143 0.028571 0.040000
-0.017143 0.040000 -0.040000
-0.017143 0.040000 -0.028571
-0.017143 0.040000 -0.017143
-0.017143 0.040000 -0.005714
-0.017143 0.040000 0.005714
-0.017143 0.040000 0.017143
-0.017143 0.040000 0.028571
-0.017143 0.040000 0.040000
-0.005714 -0.040000 -0.040000
-0.005714 -0.040000 -0.028571
-0.005714 -0.040000 -0.017143
-0.005714 -0.040000 -0.005714
-0.005714 -0.040000 0.005714
-0.005714 -0.040000 0.017143
-0.005714 -0.040000 0.028571
-0.005714 -0.040000 0.040000
-0.005714 -0.028571 -0.040000
-0.005714 -0.028571 0.040000
-0.005714 -0.017143 -0.040000
-0.005714 -0.017143 0.040000
-0.005714 -0.005714 -0.040000
-0.005714 -0.005714 0.040000
-0.005714 0.005714 -0.040000
-0.005714 0.005714 0.040000
-0.005714 0.017143 -0.040000
-0.005714 0.017143 0.040000
-0.005714 0.028571 -0.040000
-0.005714 0.028571 0.040000
-0.005714 0.040000 -0.040000
-0.005714 0.040000 -0.028571
-0.005714 0.040000 -0.017143
-0.005714 0.040000 -0.005714
-0.005714 0.040000 0.005714
-0.005714 0.040000 0.017143
-0.005714 0.040000 0.028571
-0.005714 0.040000 0.040000
0.005714 -0.040000 -0.040000
0.005714 -0.040000 -0.028571
0.005714 -0.040000 -0.017143
0.005714 -0.040000 -0.005714
0.005714 -0.040000 0.005714
0.005714 -0.040000 0.017143
0.005714 -0.040000 0.028571
0.005714 -0.040000 0.040000
0.005714 -0.028571 -0.040000
0.005714 -0.028571 0.040000
0.005714 -0.017143 -0.040000
0.005714 -0.017143 0.040000
0.005714 -0.005714 -0.040000
0.005714 -0.005714 0.040000
0.005714 0.005714 -0.040000
0.005714 0.005714 0.040000
0.005714 0.017143 -0.040000
0.005714 0.017143 0.040000
0.005714 0.028571 -0.040000
0.005714 0.028571 0.040000
0.005714 0.040000 -0.040000
0.005714 0.040000 -0.028571
0.005714 0.040000 -0.017143
0.005714 0.040000 -0.005714
0.005714 0.040000 0.005714
0.005714 0.040000 0.017143
0.005714 0.040000 0.028571
0.005714 0.040000 0.040000
0.017143 -0.040000 -0.040000
0.017143 -0.040000 -0.028571
0.017143 -0.040000 -0.017143
0.017143 -0.040000 -0.005714
0.017143 -0.040000 0.005714
0.017143 -0.040000 0.017143
0.017143 -0.040000 0.028571
0.017143 -0.040000 0.040000
0.017143 -0.028571 -0.040000
0.017143 -0.028571 0.040000
0.017143 -0.017143 -0.040000
0.017143 -0.017143 0.040000
0.017143 -0.005714 -0.040000
0.017143 -0.005714 0.040000
0.017143 0.005714 -0.040000
0.017143 0.005714 0.040000
0.017143 0.017143 -0.040000
0.017143 0.017143 0.040000
0.017143 0.028571 -0.040000
0.017143 0.028571 0.040000
0.017143 0.040000 -0.040000
0.017143 0.040000 -0.028571
0.017143 0.040000 -0.017143
0.017143 0.040000 -0.005714
0.017143 0.040000 0.005714
0.017143 0.040000 0.017143
0.017143 0.040000 0.028571
0.017143 0.040000 0.040000
0.028571 -0.040000 -0.040000
0.028571 -0.040000 -0.028571
0.028571 -0.040000 -0.017143
0.028571 -0.040000 -0.005714
0.028571 -0.040000 0.005714
0.028571 -0.040000 0.017143
0.028571 -0.040000 0.028571
0.028571 -0.040000 0.040000
0.028571 -0.028571 -0.040000
0.028571 -0.028571 0.040000
0.028571 -0.017143 -0.040000
0.028571 -0.017143 0.040000
0.028571 -0.005714 -0.040000
0.028571 -0.005714 0.040000
0.028571 0.005714 -0.040000
0.028571 0.005714 0.040000
0.028571 0.017143 -0.040000
0.028571 0.017143 0.040000
0.028571 0.028571 -0.040000
0.028571 0.028571 0.040000
0.028571 0.040000 -0.040000
0.028571 0.040000 -0.028571
0.028571 0.040000 -0.017143
0.028571 0.040000 -0.005714
0.028571 0.040000 0.005714
0.028571 0.040000 0.017143
0.028571 0.040000 0.028571
0.028571 0.040000 0.040000
0.040000 -0.040000 -0.040000
0.040000 -0.040000 -0.028571
0.040000 -0.040000 -0.017143
0.040000 -0.040000 -0.005714
0.040000 -0.040000 0.005714
0.040000 -0.040000 0.017143
0.040000 -0.040000 0.028571
0.040000 -0.040000 0.040000
0.040000 -0.028571 -0.040000
0.040000 -0.028571 -0.028571
0.040000 -0.028571 -0.017143
0.040000 -0.028571 -0.005714
0.040000 -0.028571 0.005714
0.040000 -0.028571 0.017143
0.040000 -0.028571 0.028571
0.040000 -0.028571 0.040000
0.040000 -0.017143 -0.040000
0.040000 -0.017143 -0.028571
0.040000 -0.017143 -0.017143
0.040000 -0.017143 -0.005714
0.040000 -0.017143 0.005714
0.040000 -0.017143 0.017143
0.040000 -0.017143 0.028571
0.040000 -0.017143 0.040000
0.040000 -0.005714 -0.040000
0.040000 -0.005714 -0.028571
0.040000 -0.005714 -0.017143
0.040000 -0.005714 -0.005714
0.040000 -0.005714 0.005714
0.040000 -0.005714 0.017143
0.040000 -0.005714 0.028571
0.040000 -0.005714 0.040000
0.040000 0.005714 -0.040000
0.040000 0.005714 -0.028571
0.040000 0.005714 -0.017143
0.040000 0.005714 -0.005714
0.040000 0.005714 0.005714
0.040000 0.005714 0.017143
0.040000 0.005714 0.028571
0.040000 0.005714 0.040000
0.040000 0.017143 -0.040000
0.040000 0.017143 -0.028571
0.040000 0.017143 -0.017143
0.040000 0.017143 -0.005714
0.040000 0.017143 0.005714
0.040000 0.017143 0.017143
0.040000 0.017143 0.028571
0.040000 0.017143 0.040000
0.040000 0.028571 -0.040000
0.040000 0.028571 -0.028571
0.040000 0.028571 -0.017143
0.040000 0.028571 -0.005714
0.040000 0.028571 0.005714
0.040000 0.028571 0.017143
0.040000 0.028571 0.028571
0.040000 0.028571 0.040000
0.040000 0.040000 -0.040000
0.040000 0.040000 -0.028571
0.040000 0.040000 -0.017143
0.040000 0.040000 -0.005714
0.040000 0.040000 0.005714
0.040000 0.040000 0.017143
0.040000 0.040000 0.028571
0.040000 0.040000 0.040000
